acc	0.222989
good	0.0413793
unacc	0.695977
vgood	0.0396552

Atribute buying (class x value)
0.298101	0.267547	0.22213	0.212221	
0.188144	0.280928	0.298969	0.231959	
0.0138889	0.0138889	0.333333	0.638889	
0.0144928	0.0144928	0.391304	0.57971	

Atribute doors (class x value)
0.270025	0.247729	0.241123	0.241123	
0.21134	0.257732	0.265464	0.265464	
0.222222	0.263889	0.263889	0.25	
0.15942	0.231884	0.304348	0.304348	

Atribute lugboot (class x value)
0.372419	0.324525	0.30223	
0.273196	0.350515	0.373711	
0.305556	0.333333	0.347222	
0.0144928	0.376812	0.594203	

Atribute maint (class x value)
0.297275	0.260116	0.22213	0.220479	
0.188144	0.273196	0.298969	0.239691	
0.0138889	0.0138889	0.333333	0.638889	
0.0144928	0.202899	0.391304	0.391304	

Atribute persons (class x value)
0.47564	0.257638	0.265896	
0.00257732	0.512887	0.481959	
0.0138889	0.5	0.472222	
0.0144928	0.449275	0.521739	

Atribute safety (class x value)
0.47564	0.294798	0.228737	
0.00257732	0.466495	0.528351	
0.0138889	0.541667	0.430556	
0.0144928	0.0144928	0.956522	

